0 1 2 0 1 1 
1 2 0 1 1 0 
2 1 0 1 1 0 
1 0 1 1 0 2 
2 0 1 2 0 1 
0 2 1 0 2 1 
DEBUG obigdsn: 10
DEBUG K: 10
[0]1 1
[0]2 2
[0]3 3
[0]4 4
[0]5 5
[0]6 6
[0]1 6
[0]6 1
[0]2 4
[0]4 2
=========
NX NY 1 2 6 1
DEBUG WR 0 1
[0]1 2
[0]2 2
[0]3 3
[0]4 4
[0]5 5
[0]6 6
[0]1 6
[0]6 1
[0]2 4
[0]4 2
=========
NX NY 2 1 6 1
DEBUG WR 0 1
[0]1 2
[0]2 1
[0]3 3
[0]4 4
[0]5 5
[0]6 6
[0]1 6
[0]6 1
[0]2 4
[0]4 2
=========
NX NY 4 3 6 1
DEBUG WR 0 1
[0]1 2
[0]2 1
[0]4 3
[0]4 4
[0]5 5
[0]6 6
[0]1 6
[0]6 1
[0]2 4
[0]4 2
=========
NX NY 4 5 6 0
DEBUG WR 0 1
[0]1 2
[0]2 1
[0]4 3
[0]4 5
[0]5 5
[0]6 6
[0]1 6
[0]6 1
[0]2 4
[0]4 2
=========
NX NY 4 5 6 0
DEBUG WR 1 1
[0]1 2
[0]2 1
[0]4 3
[0]4 5
[1]4 5
[0]6 6
[0]1 6
[0]6 1
[0]2 4
[0]4 2
=========
NX NY 6 5 6 2
BD 2
AD 1
NX NY 6 7 6 0
[0]1 2
[0]2 1
[0]4 3
[0]4 5
[1]4 5
[0]6 6
[0]1 6
[0]6 1
[0]2 4
[0]4 2
=========
NX NY 0 6 6 0
BD 3
AD 4
NX NY 2 6 6 0
DEBUG WR 0 1
[0]1 2
[0]2 1
[0]4 3
[0]4 5
[1]4 5
[0]6 6
[0]2 6
[0]6 1
[0]2 4
[0]4 2
=========
NX NY 6 0 6 0
BD 2
AD 1
NX NY 6 2 6 2
[0]1 2
[0]2 1
[0]4 3
[0]4 5
[1]4 5
[0]6 6
[0]2 6
[0]6 1
[0]2 4
[0]4 2
=========
NX NY 1 4 6 0
DEBUG WR 0 1
[0]1 2
[0]2 1
[0]4 3
[0]4 5
[1]4 5
[0]6 6
[0]2 6
[0]6 1
[0]1 4
[0]4 2
=========
NX NY 4 3 6 1
DEBUG WR 1 1
[0]1 2
[0]2 1
[0]4 3
[0]4 5
[1]4 5
[0]6 6
[0]2 6
[0]6 1
[0]1 4
[1]4 3
=========
========TURN Over========
NX NY 1 3 6 2
BD 1
AD 2
NX NY 1 1 6 0
DEBUG WR 0 1
[0]1 1
[0]2 1
[0]4 3
[0]4 5
[1]4 5
[0]6 6
[0]2 6
[0]6 1
[0]1 4
[1]4 3
=========
NX NY 2 0 6 0
BD 2
AD 1
NX NY 2 2 6 2
[0]1 1
[0]2 1
[0]4 3
[0]4 5
[1]4 5
[0]6 6
[0]2 6
[0]6 1
[0]1 4
[1]4 3
=========
NX NY 5 3 6 1
DEBUG WR 0 2
[0]1 1
[0]2 1
[1]5 3
[0]4 5
[1]4 5
[0]6 6
[0]2 6
[0]6 1
[0]1 4
[0]5 3
=========
NX NY 4 6 6 2
BD 1
AD 2
NX NY 4 4 6 1
DEBUG WR 0 2
[0]1 1
[0]2 1
[1]5 3
[1]4 4
[0]4 4
[0]6 6
[0]2 6
[0]6 1
[0]1 4
[0]5 3
=========
NX NY 3 4 6 1
DEBUG WR 0 2
[0]1 1
[0]2 1
[1]5 3
[0]3 4
[1]3 4
[0]6 6
[0]2 6
[0]6 1
[0]1 4
[0]5 3
=========
NX NY 6 7 6 0
BD 1
AD 2
NX NY 6 5 6 2
[0]1 1
[0]2 1
[1]5 3
[0]3 4
[1]3 4
[0]6 6
[0]2 6
[0]6 1
[0]1 4
[0]5 3
=========
NX NY 3 6 6 0
DEBUG WR 0 1
[0]1 1
[0]2 1
[1]5 3
[0]3 4
[1]3 4
[0]6 6
[0]3 6
[0]6 1
[0]1 4
[0]5 3
=========
NX NY 6 2 6 2
BD 1
AD 2
NX NY 6 0 6 0
[0]1 1
[0]2 1
[1]5 3
[0]3 4
[1]3 4
[0]6 6
[0]3 6
[0]6 1
[0]1 4
[0]5 3
=========
NX NY 0 4 6 0
BD 3
AD 4
NX NY 2 4 6 1
DEBUG WR 0 1
[0]1 1
[0]2 1
[1]5 3
[0]3 4
[1]3 4
[0]6 6
[0]3 6
[0]6 1
[0]2 4
[0]5 3
=========
NX NY 5 4 6 2
BD 1
AD 2
NX NY 5 2 6 0
DEBUG WR 0 2
[0]1 1
[0]2 1
[1]5 2
[0]3 4
[1]3 4
[0]6 6
[0]3 6
[0]6 1
[0]2 4
[0]5 2
=========
========TURN Over========
NX NY 1 0 6 0
BD 2
AD 1
NX NY 1 2 6 1
DEBUG WR 0 1
[0]1 2
[0]2 1
[1]5 2
[0]3 4
[1]3 4
[0]6 6
[0]3 6
[0]6 1
[0]2 4
[0]5 2
=========
NX NY 2 2 6 2
BD 1
AD 2
NX NY 2 0 6 0
[0]1 2
[0]2 1
[1]5 2
[0]3 4
[1]3 4
[0]6 6
[0]3 6
[0]6 1
[0]2 4
[0]5 2
=========
NX NY 6 2 6 2
BD 4
AD 3
NX NY 4 2 6 0
DEBUG WR 0 1
[0]1 2
[0]2 1
[0]4 2
[0]3 4
[1]3 4
[0]6 6
[0]3 6
[0]6 1
[0]2 4
[0]5 2
=========
NX NY 3 3 6 0
DEBUG WR 0 2
[0]1 2
[0]2 1
[0]4 2
[0]3 3
[1]3 3
[0]6 6
[0]3 6
[0]6 1
[0]2 4
[0]5 2
=========
NX NY 2 3 6 0
DEBUG WR 0 1
[0]1 2
[0]2 1
[0]4 2
[0]3 3
[0]2 3
[0]6 6
[0]3 6
[0]6 1
[0]2 4
[0]5 2
=========
NX NY 6 5 6 2
BD 2
AD 1
NX NY 6 7 6 0
[0]1 2
[0]2 1
[0]4 2
[0]3 3
[0]2 3
[0]6 6
[0]3 6
[0]6 1
[0]2 4
[0]5 2
=========
NX NY 4 6 6 2
BD 4
AD 3
NX NY 2 6 6 0
DEBUG WR 0 1
[0]1 2
[0]2 1
[0]4 2
[0]3 3
[0]2 3
[0]6 6
[0]2 6
[0]6 1
[0]2 4
[0]5 2
=========
NX NY 6 0 6 0
BD 2
AD 1
NX NY 6 2 6 2
[0]1 2
[0]2 1
[0]4 2
[0]3 3
[0]2 3
[0]6 6
[0]2 6
[0]6 1
[0]2 4
[0]5 2
=========
NX NY 3 4 6 1
DEBUG WR 0 1
[0]1 2
[0]2 1
[0]4 2
[0]3 3
[0]2 3
[0]6 6
[0]2 6
[0]6 1
[0]3 4
[0]5 2
=========
NX NY 5 1 6 2
BD 2
AD 1
NX NY 5 3 6 1
DEBUG WR 0 1
[0]1 2
[0]2 1
[0]4 2
[0]3 3
[0]2 3
[0]6 6
[0]2 6
[0]6 1
[0]3 4
[0]5 3
=========
========TURN Over========
NX NY 1 3 6 2
BD 1
AD 2
NX NY 1 1 6 0
DEBUG WR 0 1
[0]1 1
[0]2 1
[0]4 2
[0]3 3
[0]2 3
[0]6 6
[0]2 6
[0]6 1
[0]3 4
[0]5 3
=========
NX NY 2 0 6 0
BD 2
AD 1
NX NY 2 2 6 2
[0]1 1
[0]2 1
[0]4 2
[0]3 3
[0]2 3
[0]6 6
[0]2 6
[0]6 1
[0]3 4
[0]5 3
=========
NX NY 3 2 6 1
DEBUG WR 0 1
[0]1 1
[0]2 1
[0]3 2
[0]3 3
[0]2 3
[0]6 6
[0]2 6
[0]6 1
[0]3 4
[0]5 3
=========
NX NY 3 2 6 1
DEBUG WR 1 1
[0]1 1
[0]2 1
[0]3 2
[1]3 2
[0]2 3
[0]6 6
[0]2 6
[0]6 1
[0]3 4
[0]5 3
=========
NX NY 1 3 6 2
BD 3
AD 4
NX NY 3 3 6 0
DEBUG WR 0 1
[0]1 1
[0]2 1
[0]3 2
[1]3 2
[0]3 3
[0]6 6
[0]2 6
[0]6 1
[0]3 4
[0]5 3
=========
NX NY 6 7 6 0
BD 1
AD 2
NX NY 6 5 6 2
[0]1 1
[0]2 1
[0]3 2
[1]3 2
[0]3 3
[0]6 6
[0]2 6
[0]6 1
[0]3 4
[0]5 3
=========
NX NY 1 6 6 1
DEBUG WR 0 1
[0]1 1
[0]2 1
[0]3 2
[1]3 2
[0]3 3
[0]6 6
[0]1 6
[0]6 1
[0]3 4
[0]5 3
=========
NX NY 6 2 6 2
BD 1
AD 2
NX NY 6 0 6 0
[0]1 1
[0]2 1
[0]3 2
[1]3 2
[0]3 3
[0]6 6
[0]1 6
[0]6 1
[0]3 4
[0]5 3
=========
NX NY 4 4 6 1
DEBUG WR 0 1
[0]1 1
[0]2 1
[0]3 2
[1]3 2
[0]3 3
[0]6 6
[0]1 6
[0]6 1
[0]4 4
[0]5 3
=========
NX NY 5 4 6 2
BD 1
AD 2
NX NY 5 2 6 0
DEBUG WR 0 1
[0]1 1
[0]2 1
[0]3 2
[1]3 2
[0]3 3
[0]6 6
[0]1 6
[0]6 1
[0]4 4
[0]5 2
=========
========TURN Over========
NX NY 1 0 6 0
BD 2
AD 1
NX NY 1 2 6 1
DEBUG WR 0 1
[0]1 2
[0]2 1
[0]3 2
[1]3 2
[0]3 3
[0]6 6
[0]1 6
[0]6 1
[0]4 4
[0]5 2
=========
NX NY 2 2 6 2
BD 1
AD 2
NX NY 2 0 6 0
[0]1 2
[0]2 1
[0]3 2
[1]3 2
[0]3 3
[0]6 6
[0]1 6
[0]6 1
[0]4 4
[0]5 2
=========
NX NY 2 2 6 2
BD 3
AD 4
NX NY 4 2 6 0
DEBUG WR 0 2
[0]1 2
[0]2 1
[0]4 2
[1]4 2
[0]3 3
[0]6 6
[0]1 6
[0]6 1
[0]4 4
[0]5 2
=========
NX NY 4 1 6 1
DEBUG WR 0 1
[0]1 2
[0]2 1
[0]4 2
[0]4 1
[0]3 3
[0]6 6
[0]1 6
[0]6 1
[0]4 4
[0]5 2
=========
NX NY 4 3 6 1
DEBUG WR 0 1
[0]1 2
[0]2 1
[0]4 2
[0]4 1
[0]4 3
[0]6 6
[0]1 6
[0]6 1
[0]4 4
[0]5 2
=========
NX NY 6 5 6 2
BD 2
AD 1
NX NY 6 7 6 0
[0]1 2
[0]2 1
[0]4 2
[0]4 1
[0]4 3
[0]6 6
[0]1 6
[0]6 1
[0]4 4
[0]5 2
=========
NX NY 0 6 6 0
BD 3
AD 4
NX NY 2 6 6 0
DEBUG WR 0 1
[0]1 2
[0]2 1
[0]4 2
[0]4 1
[0]4 3
[0]6 6
[0]2 6
[0]6 1
[0]4 4
[0]5 2
=========
NX NY 6 0 6 0
BD 2
AD 1
NX NY 6 2 6 2
[0]1 2
[0]2 1
[0]4 2
[0]4 1
[0]4 3
[0]6 6
[0]2 6
[0]6 1
[0]4 4
[0]5 2
=========
NX NY 5 4 6 2
BD 4
AD 3
NX NY 3 4 6 1
DEBUG WR 0 1
[0]1 2
[0]2 1
[0]4 2
[0]4 1
[0]4 3
[0]6 6
[0]2 6
[0]6 1
[0]3 4
[0]5 2
=========
NX NY 5 1 6 2
BD 2
AD 1
NX NY 5 3 6 1
DEBUG WR 0 1
[0]1 2
[0]2 1
[0]4 2
[0]4 1
[0]4 3
[0]6 6
[0]2 6
[0]6 1
[0]3 4
[0]5 3
=========
========TURN Over========
NX NY 1 3 6 2
BD 1
AD 2
NX NY 1 1 6 0
DEBUG WR 0 1
[0]1 1
[0]2 1
[0]4 2
[0]4 1
[0]4 3
[0]6 6
[0]2 6
[0]6 1
[0]3 4
[0]5 3
=========
NX NY 2 0 6 0
BD 2
AD 1
NX NY 2 2 6 2
[0]1 1
[0]2 1
[0]4 2
[0]4 1
[0]4 3
[0]6 6
[0]2 6
[0]6 1
[0]3 4
[0]5 3
=========
NX NY 5 2 6 0
DEBUG WR 0 1
[0]1 1
[0]2 1
[0]5 2
[0]4 1
[0]4 3
[0]6 6
[0]2 6
[0]6 1
[0]3 4
[0]5 3
=========
NX NY 4 0 6 0
BD 2
AD 1
NX NY 4 2 6 0
DEBUG WR 0 1
[0]1 1
[0]2 1
[0]5 2
[0]4 2
[0]4 3
[0]6 6
[0]2 6
[0]6 1
[0]3 4
[0]5 3
=========
NX NY 5 3 6 1
DEBUG WR 1 1
[0]1 1
[0]2 1
[0]5 2
[0]4 2
[1]5 3
[0]6 6
[0]2 6
[0]6 1
[0]3 4
[0]5 3
=========
NX NY 6 7 6 0
BD 1
AD 2
NX NY 6 5 6 2
[0]1 1
[0]2 1
[0]5 2
[0]4 2
[1]5 3
[0]6 6
[0]2 6
[0]6 1
[0]3 4
[0]5 3
=========
NX NY 3 6 6 0
DEBUG WR 0 1
[0]1 1
[0]2 1
[0]5 2
[0]4 2
[1]5 3
[0]6 6
[0]3 6
[0]6 1
[0]3 4
[0]5 3
=========
NX NY 6 2 6 2
BD 1
AD 2
NX NY 6 0 6 0
[0]1 1
[0]2 1
[0]5 2
[0]4 2
[1]5 3
[0]6 6
[0]3 6
[0]6 1
[0]3 4
[0]5 3
=========
NX NY 2 4 6 1
DEBUG WR 0 1
[0]1 1
[0]2 1
[0]5 2
[0]4 2
[1]5 3
[0]6 6
[0]3 6
[0]6 1
[0]2 4
[0]5 3
=========
NX NY 5 4 6 2
BD 1
AD 2
NX NY 5 2 6 0
DEBUG WR 1 2
[0]1 1
[0]2 1
[0]5 2
[0]4 2
[2]5 2
[0]6 6
[0]3 6
[0]6 1
[0]2 4
[1]5 2
=========
========TURN Over========
NX NY 1 0 6 0
BD 2
AD 1
NX NY 1 2 6 1
DEBUG WR 0 1
[0]1 2
[0]2 1
[0]5 2
[0]4 2
[2]5 2
[0]6 6
[0]3 6
[0]6 1
[0]2 4
[1]5 2
=========
NX NY 2 2 6 2
BD 1
AD 2
NX NY 2 0 6 0
[0]1 2
[0]2 1
[0]5 2
[0]4 2
[2]5 2
[0]6 6
[0]3 6
[0]6 1
[0]2 4
[1]5 2
=========
NX NY 6 2 6 2
BD 4
AD 3
NX NY 4 2 6 0
DEBUG WR 1 3
[0]1 2
[0]2 1
[1]4 2
[0]4 2
[3]4 2
[0]6 6
[0]3 6
[0]6 1
[0]2 4
[2]4 2
=========
NX NY 4 3 6 1
DEBUG WR 0 4
[0]1 2
[0]2 1
[2]4 3
[3]4 3
[0]4 3
[0]6 6
[0]3 6
[0]6 1
[0]2 4
[1]4 3
=========
NX NY 5 3 6 1
DEBUG WR 0 4
[0]1 2
[0]2 1
[1]5 3
[0]5 3
[3]5 3
[0]6 6
[0]3 6
[0]6 1
[0]2 4
[2]5 3
=========
NX NY 6 5 6 2
BD 2
AD 1
NX NY 6 7 6 0
[0]1 2
[0]2 1
[1]5 3
[0]5 3
[3]5 3
[0]6 6
[0]3 6
[0]6 1
[0]2 4
[2]5 3
=========
NX NY 4 6 6 2
BD 4
AD 3
NX NY 2 6 6 0
DEBUG WR 0 1
[0]1 2
[0]2 1
[1]5 3
[0]5 3
[3]5 3
[0]6 6
[0]2 6
[0]6 1
[0]2 4
[2]5 3
=========
NX NY 6 0 6 0
BD 2
AD 1
NX NY 6 2 6 2
[0]1 2
[0]2 1
[1]5 3
[0]5 3
[3]5 3
[0]6 6
[0]2 6
[0]6 1
[0]2 4
[2]5 3
=========
NX NY 1 4 6 0
DEBUG WR 0 1
[0]1 2
[0]2 1
[1]5 3
[0]5 3
[3]5 3
[0]6 6
[0]2 6
[0]6 1
[0]1 4
[2]5 3
=========
NX NY 5 2 6 0
DEBUG WR 0 2
[0]1 2
[0]2 1
[1]5 3
[0]5 3
[1]5 2
[0]6 6
[0]2 6
[0]6 1
[0]1 4
[0]5 2
=========
========TURN Over========
DEBUG turn: 7
7
